31267180
18753842
22097077
17986190
19623011
17902133
17480122
20546915
16400093
17686610
17820147
20063836
16195853
16240846
15957920
17154915
22589035
18374625
16236624
17555278
19267763
18281289
16629501
15912656
21321575
20804077
20990314
16399700
16264492
17212425
19899636
18464919
16540380
19661433
16110536
15745495
18723266
17673013
16996403
19487852
17708285
23207864
18883997
22018985
17379366
18784896
19450637
15372846
22029965
15988491
22819575
22576846
23858267
18099345
22491165
23072157
17781881
20499645
17976283
17216954
22655764
16206036
14919089
17362271
17262377
16129746
18548614
16372052
19080650
18459783
20366029
16621622
17273637
16413097
16802587
17640368
19458820
18491479
15980336
17961825
598651160
17074251
26026202
16957327
21044756
15286798
15309610
25758962
22190613
17517236
27357449
17413930
16951470
18992853
25594624
17267148
20692259
32291646
23599961
23196975
