74568669
64366491
10608025
12550048
13336227
10966763
11156417
10965662
12195156
13469435
13709471
12221252
11111041
10895897
13703004
12339099
10554068
15857052
15925967
11090419
12229889
11341218
11366813
11361732
11699327
11655662
13793765
15765567
13092920
14032507
13502180
10786645
15574606
15021110
14889702
15052154
12084584
21578672
12865232
13396110
12990433
14718846
12185019
10940310
11273959
14316637
12171024
12340092
13140635
19812516
12410533
12422087
12674867
14419184
20831236
12553886
16895132
11810838
12648275
13656916
12988779
12791807
34488945
12879086
17566332
14483088
11178556
15272744
8638017
10982697
12977455
12432884
13230372
13059351
21897654
12862473
14537366
10977050
13078828
12154673
11747198
15160268
10685305
15733303
11261193
12393320
11543142
11762828
11993376
12065012
11556719
10435187
13141708
15819701
12302941
11263797
10415339
15567056
17645906
11982000
