2470639
1855760
2254752
1974266
2061396
1517849
1626385
1948514
2289066
3564032
1438832
1914204
2519579
1403533
1972356
1715013
1755892
1701721
1513100
1630788
2440443
1915435
1641508
1717789
3041733
2499609
1473238
1792539
2078491
2108615
1886234
1510935
2161634
2437365
1339942
2438331
1827874
6279647
2000692
2043590
1702658
1831638
1909586
1861442
1380405
2151590
4055625
1392453
1536542
1741301
1724126
1555298
1778999
2020882
1785323
1986082
1894624
1801044
1761628
1415192
2357943
3327974
1607146
1399056
2402699
2489724
3622099
1757249
1571024
2576457
2088854
1823928
1768909
1615455
2613832
1659193
2216571
2121497
1915699
2117770
2159269
1959607
1940454
1732906
2330254
1879869
2169840
1670824
2160914
1503548
1665406
1868735
1557593
1557087
2106031
1809847
1827037
3065327
1526576
1916472
