70519445
23664563
16992751
16276233
20966488
12834444
13067649
17784620
16004064
16275533
13870738
12678013
13923074
15564458
13370426
16147664
18246849
15727922
18052384
14604780
100898335
15970634
16552244
21179285
15536309
13235722
14524642
12600314
19167467
13036660
20704372
15125900
17329430
15024437
12397012
15168141
19176482
16205329
14004961
12631917
18431325
14616034
13321638
15205850
11876604
12405199
23744469
16032666
12168700
16415739
14725762
12721211
16563838
14808568
15425329
17717514
16850429
13531144
12906260
12391641
16508819
12253292
13430519
18548004
12878753
16785766
12036367
22038346
15257437
16058613
14176526
18214812
21921497
12236834
14305254
15794354
20460679
18905364
12194113
19693299
14678166
14765854
15531162
13802115
13739062
12866890
13457362
20209334
12965754
12859017
13229111
14658459
12971589
14183098
20043903
12128922
10921533
17364259
19578252
15115808
