26633917
32248714
23418938
36289301
23806399
35978894
26947347
38354321
24857537
22185214
34578829
27342135
35493075
34362814
36023755
24496223
36240635
23319166
35780850
24025314
37466873
21730121
34087510
23017051
37114263
23733402
36972277
21434494
25060612
23789442
25068294
23648286
31539852
21501796
24288220
26619681
22204922
28365228
27631952
82808790
30476905
22714040
31419968
22587357
30684741
22541702
32627760
27060288
31447120
22790959
33520480
22222897
32569265
22003180
33209355
22449792
32256948
21917734
33171690
25094324
33679770
22891083
33684398
23285801
31959347
21744235
32482215
24693316
23108696
36051749
21717297
32515187
23224736
39511058
21403927
20503504
31703012
23767894
33284233
21173845
32297316
19960475
19740402
31182530
21366038
31525187
20848393
34879209
20624614
23281645
21133828
27102508
21528094
30993011
22464553
21018309
33138995
21323209
43093113
24181711
