4172197
3694907
5852815
3072572
3341672
7430456
2349010
3820778
2498660
2571209
2885262
2124971
2094679
2389189
2430462
2601183
4386566
3147394
3095371
2873474
3222565
4175882
2444112
2387305
1991258
4694697
2265109
2944695
2526821
2515123
6553272
3685534
2380890
3281152
2636489
2454002
2063019
2450369
2774219
4980404
2614034
2346778
3403241
3450707
2326499
2615071
2766792
2324252
2250756
2855307
2205917
2240545
2623359
2257393
2205334
2405926
1901720
2845093
2745476
2548414
2844528
4368250
2367221
2123361
2838782
2296317
2815361
2564412
2547806
2620151
2789178
2244617
2242170
2066880
3612604
2188709
2165016
2431620
2697886
2205069
2023108
2083241
2753953
4033306
2464198
2792763
3889336
3042465
2470314
1972854
2540460
1738032
2220471
2924105
1904239
2648960
2474626
3337394
2055948
2120175
