56164666
2881204
3247260
2607127
2916448
2685380
2696565
2509018
2730809
2399818
2767003
2560908
2725642
2597081
2406281
2284166
2566446
2486958
2857820
2585191
2477862
2389461
2356586
2296512
2559836
2019593
2178674
2309847
2136126
2272470
2170298
1738437
1545837
3148409
2161460
2425707
2197983
2330136
2360248
1172322
1668584
2100255
2428571
2120760
2249002
2235799
2025564
1853135
1974227
1304593
2033844
1205461
2002442
2109970
2211332
2303278
1974088
1242646
2041812
2057967
2043112
2162041
1975830
1657123
2200640
1929264
1973196
1989199
1968659
1852011
1626316
834136
2073586
1743001
2019687
1886122
1919547
2073339
902231
2353045
1781218
1785387
1996674
1952653
2116211
1143168
2034126
1864606
1821016
1882154
1985132
1774234
1742096
1812145
1681657
1802995
1832165
1781825
1743161
1845292
