678035
542000
633151
506784
634625
567893
622099
599228
567155
587626
561684
492402
470130
497977
613786
461926
493717
505832
565730
630947
533863
577204
594876
585159
1387110
467362
466259
582335
594469
507310
500070
451952
467824
525184
435485
532661
605613
654765
641331
681633
588163
557390
842471
703577
466258
584070
592271
488574
591688
639917
591787
552473
599314
716935
630370
589393
604785
549488
558164
472279
515748
545474
486453
498765
564927
474463
2074948
521504
678755
837513
625498
626586
582849
630541
572171
743818
464937
628173
699821
463284
481240
637976
681931
591290
452238
664126
466398
610232
483800
452500
453822
710586
464004
459155
470213
662722
558509
609551
635092
567302
