5432869
2173955
1358020
1783692
1921005
2100636
1841747
1717491
1943998
1782035
1858167
1816892
1928884
1798477
1829142
1977904
1958796
1901188
1789895
1871538
2065088
1453340
1994190
2002468
2062605
2025876
2018020
2193278
1759182
1909573
2021974
1800552
1955669
1933118
1794214
1913938
2035602
2062988
1861050
1890679
939533
1884180
1924420
1875668
1709467
1783857
1467197
1784109
1791381
2053191
2067852
2014819
2055960
1973650
1849053
1965646
1966661
1922621
1787107
1893277
1934142
1985153
1849420
1912877
1819510
1911755
1896028
1914001
844937
2113447
1702266
2013318
1899896
1656367
1903801
1923994
1868478
1856259
1939977
1947552
1953442
1852137
1780858
1901631
2041556
1949341
1957928
1601786
2002259
1805137
1808496
1921949
1818996
1800515
1836742
1911973
1830709
1899902
1866433
1983875
