2830741
5875260
2321463
2641348
4924655
3237334
2734846
3289615
3343265
2176958
6999366
2296552
2351514
2306441
2144762
2683015
3494218
2231265
8491693
3113083
1921846
3238802
3950073
2550778
2645841
2377305
3188914
5677203
3289917
2976556
3111541
5959541
3188000
2144267
3302548
6260988
3860974
2122376
2139597
2387345
2623942
2338932
2733647
1793375
2929349
1989951
2469827
2921161
2547372
2641925
3236189
2729060
2449826
1927793
2996517
2092002
2984833
2353175
4779720
2903227
4377545
4665874
1891654
2026201
2810554
2420774
3147799
7570421
2463328
11658402
3206860
3829814
4112544
3156376
4046230
3729682
3802892
2486318
2328492
3147788
3681842
3300226
4597885
3033294
3066723
3060564
4176059
2161976
3024913
2104106
2134004
2035149
3134687
6220716
11056612
2679783
2286078
2052462
3567995
2470083
