19931687
2814527
2760368
2616586
2377510
2504063
2536761
2491742
2234384
2052231
2180198
2253860
2246527
2123346
2115969
1030755
2187018
2269450
2248266
2332400
2268600
2196984
2187827
2205516
2242035
2128119
2333916
2182535
2013141
2359381
2082119
2202553
2140105
2102456
2074371
2108639
2081534
2074529
1740508
1783223
1747371
1774409
1757095
860632
809459
1743002
1865295
1884191
1730342
1735908
1860345
1845782
1920032
1913445
1892101
718841
1689563
1808192
797361
752103
1631390
1694014
1888089
1936210
1764043
1805741
1692656
1869951
1723684
1845545
1838897
1730382
1775084
1740004
1880781
1682331
1769468
1678495
1802140
1838487
1650407
1788522
1883869
1913924
2475830
1718368
1764245
1897872
1059448
1634858
1614729
1773854
1647051
1637393
1716957
852380
717101
1705105
1604063
1699752
