20945346
9905086
11670160
18789918
16231666
10770104
17914984
11716359
12386705
12312977
10265802
10098921
11099316
11105279
13538402
10897986
10358512
15728643
11600383
10330431
10085618
10635032
14086177
10278621
9925056
10214810
10777533
11712704
11138163
12006200
10285245
10866510
10251755
17222254
10136915
10013126
6421067
10235945
10380754
10708796
16498272
10857504
4301494
13970765
9659509
4598872
10592185
10319674
13779350
14740575
12468908
11236326
10577216
10588487
10635126
10414477
15990066
10315986
6592083
18437019
10763310
10484198
10276111
10199047
10974935
10274110
11171950
14728196
11205533
9951205
13211194
14883813
12507903
15755957
10549547
10869757
14806436
10380566
18131917
7187784
10220758
10690257
11594016
10430504
10316982
10945128
10976629
10657375
10828007
13016816
10276598
11159012
11138095
10282582
10406579
16064952
10542961
19092524
9746223
19733862
